5

10 46
154 382 574 938 827 923 949 748 806 78
3 3
10 10
6 9
5 8
7 8
9 10
6 7
4 4
6 8
8 8
4 10
2 8
4 9
10 10
10 10
6 7
9 9
1 6
3 7
3 5
4 6
8 10
2 7
6 10
4 7
1 10
6 9
9 10
7 10
7 8
6 7
9 10
6 9
1 10
7 8
1 10
9 10
1 2
1 7
1 7
9 9
6 7
7 8
10 10
8 8
2 10

35 64
735 643 545 165 466 615 610 884 210 682 74 931 190 902 957 276 40 393 303 155 523 13 393 496 1001 822 411 490 270 445 105 1005 64 650 146
26 33
1 27
4 35
3 19
8 24
26 32
33 34
3 7
3 10
28 29
25 34
5 34
34 34
35 35
18 28
13 17
19 25
12 12
22 26
30 32
14 18
29 31
3 9
12 12
11 29
33 35
32 33
23 27
11 24
21 34
15 19
13 17
35 35
9 11
15 31
15 19
34 34
28 28
28 31
31 34
19 24
15 34
18 27
33 33
13 17
22 28
28 35
14 33
35 35
1 26
1 15
30 30
35 35
25 25
15 20
20 20
24 25
25 35
1 23
11 24
17 27
18 30
8 15
24 31

12 32
582 440 427 686 710 194 463 916 275 76 570 697
5 6
12 12
4 8
8 10
9 10
7 8
10 10
8 10
5 7
1 7
7 10
9 10
7 11
2 6
5 5
8 11
10 10
11 11
6 7
8 10
4 12
10 10
3 11
10 10
3 5
5 6
2 11
7 8
9 12
6 12
4 10
9 10

27 36
409 99 157 356 829 848 125 211 744 999 303 378 433 862 868 33 279 593 486 289 773 206 784 658 295 288 946
2 13
5 6
10 23
11 11
27 27
25 25
12 24
10 22
3 12
27 27
10 19
6 7
16 23
22 22
10 26
7 21
27 27
24 25
14 16
2 3
4 25
23 24
7 9
16 22
11 14
24 26
23 27
22 27
14 14
4 20
3 9
23 27
26 27
15 22
5 16
2 18

31 14
1006 695 305 139 45 291 411 419 1018 366 253 726 777 779 200 255 244 752 770 18 23 477 293 159 704 392 592 536 487 878 293
12 21
8 24
13 22
13 27
26 29
1 6
24 31
16 18
13 16
6 29
21 21
21 26
24 27
24 25

